# unix_time, cycles_done, cur_path, paths_total, pending_total, pending_favs, map_size, unique_crashes, unique_hangs, max_depth, execs_per_sec
1665549703, 0, 0, 1, 1, 1, 9.74%, 0, 0, 1, 17.95
1665549708, 0, 0, 163, 163, 1, 11.40%, 0, 0, 2, 311.65
1665549713, 0, 0, 273, 273, 1, 11.74%, 0, 0, 2, 293.69
1665549718, 0, 0, 355, 355, 1, 11.87%, 0, 0, 2, 284.60
1665549723, 0, 0, 434, 434, 1, 11.97%, 0, 0, 2, 298.42
1665549728, 0, 0, 496, 496, 1, 11.99%, 0, 0, 2, 275.40
1665549733, 0, 0, 544, 544, 1, 12.03%, 0, 0, 2, 292.88
1665549739, 0, 9, 585, 583, 115, 12.05%, 0, 0, 3, 283.41
1665549744, 0, 9, 627, 625, 115, 12.10%, 0, 0, 3, 305.81
1665549749, 0, 15, 671, 668, 117, 12.15%, 0, 0, 3, 295.75
1665549754, 0, 15, 700, 697, 117, 12.18%, 0, 0, 3, 218.09
1665549759, 0, 32, 734, 730, 124, 12.29%, 0, 0, 3, 299.57
1665549764, 0, 32, 761, 757, 124, 12.32%, 0, 0, 3, 204.95
1665549769, 0, 37, 786, 781, 126, 12.36%, 0, 0, 3, 225.57
1665549774, 0, 49, 812, 805, 128, 12.38%, 0, 0, 3, 331.15
1665549779, 0, 58, 834, 825, 136, 12.73%, 0, 0, 3, 298.32
1665549784, 0, 84, 857, 845, 134, 12.74%, 0, 0, 3, 293.75
1665549789, 0, 93, 883, 869, 133, 12.75%, 0, 0, 3, 209.61
1665549795, 0, 93, 906, 892, 133, 12.83%, 0, 0, 3, 266.96
1665549800, 0, 96, 932, 917, 147, 12.90%, 0, 0, 3, 239.84
1665549805, 0, 134, 942, 921, 144, 12.90%, 0, 0, 3, 262.41
1665549810, 0, 139, 966, 943, 143, 12.93%, 0, 0, 3, 258.30
1665549815, 0, 142, 994, 970, 146, 12.99%, 0, 0, 3, 257.34
1665549820, 0, 145, 1014, 988, 157, 13.10%, 0, 0, 3, 279.39
1665549825, 0, 145, 1050, 1024, 157, 13.14%, 0, 0, 3, 226.05
1665549830, 0, 151, 1068, 1041, 171, 13.15%, 0, 0, 3, 204.75
1665549835, 0, 172, 1086, 1057, 173, 13.16%, 0, 0, 3, 231.88
1665549840, 0, 186, 1105, 1073, 175, 13.18%, 0, 0, 3, 272.58
1665549845, 0, 197, 1127, 1093, 179, 13.19%, 0, 0, 3, 246.67
1665549851, 0, 209, 1149, 1113, 181, 13.21%, 0, 0, 3, 262.23
1665549856, 0, 214, 1166, 1129, 184, 13.24%, 0, 0, 3, 230.70
1665549861, 0, 215, 1179, 1141, 187, 13.37%, 0, 0, 3, 208.03
1665549866, 0, 218, 1193, 1154, 188, 13.38%, 0, 0, 3, 195.02
1665549871, 0, 256, 1226, 1185, 189, 13.41%, 0, 0, 3, 226.03
1665549876, 0, 289, 1242, 1198, 201, 13.41%, 0, 0, 3, 172.92
1665549881, 0, 348, 1256, 1211, 200, 13.61%, 0, 0, 3, 258.78
1665549886, 0, 350, 1274, 1228, 201, 13.61%, 0, 0, 3, 259.64
1665549891, 0, 363, 1292, 1244, 202, 13.63%, 0, 0, 3, 250.84
1665549896, 0, 400, 1305, 1253, 205, 13.67%, 0, 0, 3, 235.07
1665549901, 0, 414, 1321, 1267, 205, 13.68%, 0, 0, 3, 269.10
1665549906, 0, 430, 1334, 1277, 207, 13.70%, 0, 0, 3, 268.86
1665549911, 0, 467, 1345, 1286, 212, 13.75%, 0, 0, 3, 273.99
1665549916, 0, 490, 1358, 1297, 213, 13.76%, 0, 0, 3, 195.89
1665549921, 0, 497, 1371, 1309, 211, 13.77%, 0, 0, 3, 143.91
1665549926, 0, 523, 1374, 1311, 212, 13.77%, 0, 0, 3, 164.78
1665549931, 0, 548, 1384, 1317, 209, 13.78%, 0, 0, 3, 208.53
1665549937, 0, 559, 1391, 1321, 209, 13.78%, 0, 0, 3, 237.47
1665549942, 0, 590, 1399, 1325, 207, 13.79%, 1, 0, 4, 266.66
1665549947, 0, 620, 1406, 1328, 204, 13.79%, 1, 0, 4, 262.40
1665549952, 0, 653, 1414, 1330, 201, 13.80%, 1, 0, 4, 290.11
1665549957, 0, 663, 1427, 1341, 202, 13.82%, 1, 0, 4, 237.37
1665549962, 0, 672, 1442, 1354, 204, 13.83%, 1, 0, 4, 231.54
1665549967, 0, 724, 1450, 1358, 201, 13.85%, 1, 0, 4, 274.67
1665549972, 0, 730, 1466, 1372, 204, 13.86%, 1, 0, 4, 281.57
1665549977, 0, 771, 1471, 1373, 202, 13.87%, 1, 0, 4, 262.28
1665549982, 0, 792, 1476, 1374, 199, 13.87%, 1, 0, 4, 217.31
1665549987, 0, 812, 1489, 1384, 198, 14.07%, 1, 0, 4, 223.33
1665549992, 0, 813, 1496, 1390, 199, 14.19%, 1, 0, 4, 288.24
1665549997, 0, 829, 1501, 1392, 200, 14.25%, 1, 0, 4, 282.92
1665550002, 0, 854, 1513, 1400, 203, 14.28%, 1, 0, 4, 258.19
1665550007, 0, 892, 1518, 1402, 201, 14.28%, 1, 0, 4, 257.34
1665550013, 0, 897, 1534, 1415, 200, 14.28%, 1, 0, 4, 251.96
1665550018, 0, 907, 1545, 1423, 201, 14.29%, 1, 0, 4, 239.59
1665550023, 0, 914, 1551, 1426, 199, 14.29%, 1, 0, 4, 224.33
1665550028, 0, 923, 1558, 1429, 197, 14.31%, 1, 0, 4, 220.27
1665550033, 0, 933, 1576, 1445, 196, 14.31%, 1, 0, 4, 255.93
1665550038, 0, 937, 1588, 1456, 199, 14.34%, 1, 0, 4, 239.32
1665550043, 0, 963, 1596, 1461, 199, 14.34%, 1, 0, 4, 227.29
1665550048, 0, 965, 1611, 1475, 199, 14.39%, 1, 0, 4, 184.85
1665550053, 0, 965, 1625, 1489, 199, 14.41%, 1, 0, 4, 169.79
1665550058, 0, 981, 1635, 1496, 205, 14.46%, 1, 0, 4, 247.69
1665550064, 0, 990, 1639, 1496, 202, 14.46%, 1, 0, 4, 266.42
1665550069, 0, 1003, 1643, 1495, 197, 14.46%, 1, 0, 4, 236.65
1665550074, 0, 1011, 1652, 1501, 194, 14.46%, 4, 0, 4, 266.37
1665550079, 0, 1016, 1656, 1503, 193, 14.46%, 4, 0, 4, 227.27
1665550084, 0, 1024, 1662, 1507, 193, 14.46%, 4, 0, 4, 186.78
1665550089, 0, 1043, 1670, 1511, 191, 14.50%, 4, 0, 4, 263.82
1665550094, 0, 1058, 1676, 1513, 188, 14.50%, 4, 0, 4, 266.93
1665550099, 0, 1075, 1682, 1516, 187, 14.50%, 4, 0, 4, 234.92
1665550105, 0, 1097, 1686, 1516, 185, 14.50%, 4, 0, 4, 243.48
1665550110, 0, 1102, 1700, 1527, 183, 14.51%, 4, 0, 4, 260.11
