# unix_time, cycles_done, cur_path, paths_total, pending_total, pending_favs, map_size, unique_crashes, unique_hangs, max_depth, execs_per_sec
1663568370, 0, 0, 1, 1, 1, 9.74%, 0, 0, 1, 22.11
1663568376, 0, 0, 157, 157, 1, 11.04%, 0, 0, 2, 308.05
1663568381, 0, 0, 278, 278, 1, 11.83%, 0, 0, 2, 318.33
1663568386, 0, 0, 364, 364, 1, 12.00%, 0, 0, 2, 336.69
1663568391, 0, 0, 434, 434, 1, 12.13%, 0, 0, 2, 354.80
1663568396, 0, 0, 495, 495, 1, 12.37%, 0, 0, 2, 326.78
1663568401, 0, 0, 547, 547, 1, 12.38%, 0, 0, 2, 321.98
1663568406, 0, 22, 592, 591, 140, 12.61%, 1, 0, 3, 322.61
1663568411, 0, 22, 640, 639, 140, 12.70%, 1, 0, 3, 355.41
1663568416, 0, 22, 688, 687, 140, 12.75%, 1, 0, 3, 337.23
1663568421, 0, 22, 750, 749, 140, 12.87%, 1, 0, 3, 277.10
1663568426, 0, 23, 791, 789, 182, 12.91%, 1, 0, 3, 268.20
1663568431, 0, 23, 829, 827, 182, 12.96%, 1, 0, 3, 310.54
1663568437, 0, 36, 864, 861, 183, 13.06%, 1, 0, 3, 328.96
1663568442, 0, 37, 890, 886, 190, 13.08%, 1, 0, 3, 329.47
1663568447, 0, 48, 912, 907, 192, 13.08%, 1, 0, 3, 254.55
1663568452, 0, 51, 935, 929, 195, 13.13%, 1, 0, 3, 254.32
1663568457, 0, 61, 956, 948, 198, 13.15%, 1, 0, 3, 239.28
1663568462, 0, 61, 985, 977, 198, 13.20%, 1, 0, 3, 297.02
1663568467, 0, 61, 1016, 1008, 198, 13.22%, 1, 0, 3, 228.25
1663568472, 0, 61, 1041, 1033, 198, 13.24%, 1, 0, 3, 207.44
1663568477, 0, 75, 1059, 1050, 224, 13.56%, 1, 0, 3, 295.81
1663568482, 0, 80, 1077, 1065, 226, 13.58%, 1, 0, 3, 327.64
1663568488, 0, 90, 1084, 1069, 226, 13.58%, 1, 0, 3, 299.90
1663568493, 0, 122, 1104, 1086, 227, 13.59%, 1, 0, 3, 298.79
1663568498, 0, 140, 1124, 1104, 227, 13.74%, 1, 0, 3, 320.73
1663568503, 0, 145, 1141, 1119, 229, 13.75%, 1, 0, 3, 181.87
1663568508, 0, 155, 1156, 1132, 228, 13.99%, 1, 0, 3, 255.07
1663568513, 0, 195, 1166, 1139, 226, 13.99%, 1, 0, 3, 282.21
1663568518, 0, 220, 1179, 1149, 226, 14.03%, 1, 0, 3, 302.77
1663568524, 0, 248, 1186, 1152, 225, 14.03%, 1, 0, 3, 335.58
1663568529, 0, 272, 1201, 1165, 223, 14.14%, 1, 0, 3, 319.04
1663568534, 0, 278, 1218, 1181, 234, 14.16%, 1, 0, 3, 283.42
1663568539, 0, 279, 1229, 1191, 235, 14.17%, 1, 0, 3, 262.74
1663568544, 0, 284, 1243, 1202, 233, 14.17%, 1, 0, 3, 271.95
1663568549, 0, 295, 1270, 1227, 232, 14.21%, 1, 0, 3, 348.90
1663568554, 0, 299, 1292, 1247, 248, 14.22%, 1, 0, 3, 315.68
1663568559, 0, 311, 1307, 1258, 246, 14.24%, 1, 0, 3, 273.51
1663568564, 0, 323, 1322, 1271, 246, 14.24%, 1, 0, 3, 260.62
1663568569, 0, 360, 1336, 1282, 243, 14.33%, 1, 0, 3, 331.50
1663568574, 0, 381, 1366, 1310, 252, 14.35%, 1, 0, 3, 362.70
1663568580, 0, 383, 1377, 1320, 252, 14.36%, 1, 0, 3, 183.85
1663568585, 0, 402, 1390, 1329, 251, 14.37%, 1, 0, 3, 294.99
1663568590, 0, 416, 1404, 1341, 250, 14.38%, 1, 0, 3, 235.07
1663568595, 0, 433, 1417, 1351, 248, 14.38%, 1, 0, 3, 292.31
1663568600, 0, 440, 1433, 1366, 248, 14.38%, 1, 0, 3, 250.78
1663568605, 0, 448, 1442, 1372, 244, 14.39%, 1, 0, 3, 253.59
1663568610, 0, 457, 1455, 1382, 241, 14.40%, 1, 0, 3, 253.16
