# unix_time, cycles_done, cur_path, paths_total, pending_total, pending_favs, map_size, unique_crashes, unique_hangs, max_depth, execs_per_sec
1664894875, 0, 0, 1, 1, 1, 9.74%, 0, 0, 1, 18.57
1664894880, 0, 0, 161, 161, 1, 11.46%, 0, 0, 2, 303.50
1664894885, 0, 0, 272, 272, 1, 12.00%, 0, 0, 2, 317.52
1664894890, 0, 0, 346, 346, 1, 12.47%, 0, 0, 2, 282.92
1664894895, 0, 0, 408, 408, 1, 12.52%, 0, 0, 2, 287.90
1664894900, 0, 0, 477, 477, 1, 12.64%, 0, 0, 2, 294.09
1664894905, 0, 0, 538, 538, 1, 12.65%, 0, 0, 2, 283.15
1664894910, 0, 17, 594, 593, 135, 12.70%, 0, 0, 3, 337.80
1664894915, 0, 17, 635, 634, 135, 12.71%, 0, 0, 3, 270.04
1664894920, 0, 17, 696, 695, 135, 12.77%, 0, 0, 3, 265.31
1664894925, 0, 22, 734, 732, 140, 12.82%, 0, 0, 3, 321.53
1664894931, 0, 22, 764, 762, 140, 12.89%, 0, 0, 3, 282.92
1664894936, 0, 23, 800, 797, 153, 13.00%, 0, 0, 3, 307.49
1664894941, 0, 23, 825, 822, 153, 13.01%, 0, 0, 3, 156.23
1664894946, 0, 23, 853, 850, 153, 13.03%, 0, 0, 3, 181.73
1664894951, 0, 29, 887, 882, 170, 13.07%, 0, 0, 3, 297.32
1664894956, 0, 37, 909, 901, 171, 13.17%, 0, 0, 3, 305.04
1664894961, 0, 47, 936, 926, 178, 13.20%, 0, 0, 3, 284.28
1664894966, 0, 47, 971, 961, 178, 13.24%, 0, 0, 3, 277.76
1664894971, 0, 52, 1023, 1012, 202, 13.29%, 0, 0, 3, 254.06
1664894976, 0, 69, 1052, 1039, 213, 13.31%, 0, 0, 3, 206.30
1664894982, 0, 69, 1081, 1068, 213, 13.33%, 0, 0, 3, 244.24
1664894987, 0, 80, 1097, 1083, 223, 13.42%, 0, 0, 3, 295.99
1664894992, 0, 111, 1114, 1096, 223, 13.43%, 0, 0, 3, 273.11
1664894997, 0, 152, 1133, 1110, 219, 13.46%, 0, 0, 3, 230.57
1664895002, 0, 178, 1148, 1123, 220, 13.49%, 0, 0, 3, 232.20
1664895007, 0, 195, 1166, 1140, 220, 13.49%, 0, 0, 3, 199.53
1664895012, 0, 204, 1184, 1156, 218, 13.50%, 0, 0, 3, 198.96
1664895017, 0, 206, 1201, 1171, 218, 13.53%, 0, 0, 3, 165.86
1664895022, 0, 209, 1213, 1182, 220, 13.64%, 0, 0, 3, 211.46
1664895028, 0, 232, 1229, 1196, 224, 13.70%, 0, 0, 3, 271.57
1664895033, 0, 247, 1248, 1212, 227, 13.70%, 0, 0, 3, 274.81
1664895038, 0, 306, 1255, 1214, 224, 13.74%, 0, 0, 3, 261.30
1664895043, 0, 323, 1268, 1222, 219, 13.80%, 0, 0, 3, 304.92
1664895048, 0, 326, 1281, 1234, 224, 14.05%, 0, 0, 3, 299.97
1664895053, 0, 333, 1302, 1253, 227, 14.13%, 0, 0, 3, 200.89
1664895058, 0, 369, 1321, 1268, 224, 14.15%, 0, 0, 3, 239.28
1664895063, 0, 376, 1334, 1280, 221, 14.16%, 0, 0, 3, 214.19
1664895068, 0, 403, 1346, 1289, 220, 14.22%, 0, 0, 3, 272.39
1664895073, 0, 411, 1359, 1299, 222, 14.22%, 0, 0, 3, 243.06
1664895078, 0, 427, 1377, 1315, 222, 14.25%, 0, 0, 3, 239.11
1664895083, 0, 492, 1387, 1321, 219, 14.26%, 0, 0, 3, 258.95
1664895088, 0, 542, 1402, 1334, 217, 14.26%, 0, 0, 3, 232.19
1664895093, 0, 556, 1424, 1354, 216, 14.28%, 0, 0, 4, 256.68
1664895099, 0, 559, 1438, 1367, 214, 14.28%, 0, 0, 4, 200.50
1664895104, 0, 604, 1447, 1372, 216, 14.29%, 0, 0, 4, 215.54
1664895109, 0, 616, 1455, 1379, 216, 14.30%, 0, 0, 4, 223.59
1664895114, 0, 634, 1460, 1381, 215, 14.30%, 0, 0, 4, 225.84
1664895119, 0, 638, 1471, 1391, 214, 14.30%, 0, 0, 4, 46.77
1664895124, 0, 638, 1477, 1397, 214, 14.30%, 0, 0, 4, 52.46
1664895129, 0, 642, 1482, 1400, 213, 14.30%, 0, 0, 4, 135.41
1664895134, 0, 642, 1497, 1415, 213, 14.31%, 0, 0, 4, 132.89
1664895139, 0, 663, 1503, 1417, 213, 14.31%, 0, 0, 4, 240.42
1664895145, 0, 683, 1515, 1425, 211, 14.35%, 0, 0, 4, 276.28
1664895150, 0, 715, 1524, 1431, 209, 14.36%, 0, 0, 4, 233.49
1664895155, 0, 722, 1538, 1443, 208, 14.42%, 0, 0, 4, 197.85
1664895160, 0, 731, 1549, 1452, 206, 14.42%, 0, 0, 4, 184.68
1664895165, 0, 732, 1559, 1461, 205, 14.46%, 0, 0, 4, 258.71
1664895170, 0, 735, 1569, 1470, 206, 14.50%, 0, 0, 4, 174.19
1664895175, 0, 738, 1578, 1478, 205, 14.52%, 0, 0, 4, 226.26
1664895180, 0, 750, 1586, 1483, 207, 14.53%, 0, 0, 4, 230.24
1664895185, 0, 767, 1591, 1484, 203, 14.53%, 0, 0, 4, 217.62
1664895191, 0, 775, 1603, 1495, 202, 14.53%, 0, 0, 4, 166.48
1664895196, 0, 783, 1614, 1504, 203, 14.54%, 0, 0, 4, 242.02
1664895201, 0, 790, 1623, 1510, 200, 14.54%, 0, 0, 4, 272.33
1664895206, 0, 798, 1629, 1513, 197, 14.54%, 0, 0, 4, 255.37
1664895211, 0, 801, 1639, 1521, 196, 14.55%, 0, 0, 4, 271.17
1664895216, 0, 848, 1642, 1520, 192, 14.55%, 0, 0, 4, 251.11
1664895221, 0, 861, 1648, 1523, 189, 14.55%, 0, 0, 4, 230.64
1664895226, 0, 882, 1657, 1527, 185, 14.55%, 0, 0, 4, 269.93
1664895231, 0, 887, 1670, 1538, 183, 14.58%, 0, 0, 4, 309.65
1664895237, 0, 893, 1680, 1547, 190, 14.58%, 0, 0, 4, 197.64
1664895242, 0, 906, 1684, 1548, 187, 14.58%, 0, 0, 4, 151.69
1664895247, 0, 935, 1689, 1549, 183, 14.58%, 0, 0, 4, 221.48
1664895252, 0, 947, 1696, 1554, 185, 14.62%, 0, 0, 4, 258.15
1664895257, 0, 963, 1702, 1556, 183, 14.62%, 0, 0, 4, 281.05
1664895262, 0, 966, 1712, 1564, 181, 14.62%, 0, 0, 4, 274.65
1664895267, 0, 979, 1714, 1561, 177, 14.64%, 0, 0, 4, 253.38
1664895272, 0, 988, 1722, 1566, 174, 14.64%, 0, 0, 4, 238.92
1664895277, 0, 1000, 1724, 1564, 170, 14.64%, 0, 0, 4, 263.96
1664895282, 0, 1011, 1730, 1567, 167, 14.64%, 0, 0, 4, 227.53
1664895287, 0, 1030, 1735, 1568, 164, 14.64%, 0, 0, 4, 214.66
1664895292, 0, 1039, 1738, 1568, 161, 14.64%, 0, 0, 4, 202.27
1664895297, 0, 1047, 1742, 1569, 159, 14.64%, 0, 0, 4, 195.86
1664895302, 0, 1069, 1746, 1570, 159, 14.64%, 0, 0, 4, 231.95
1664895308, 0, 1073, 1759, 1581, 159, 14.64%, 0, 0, 4, 248.00
1664895313, 0, 1076, 1766, 1586, 157, 14.65%, 0, 0, 4, 227.21
1664895318, 0, 1092, 1770, 1586, 154, 14.65%, 0, 0, 4, 233.49
1664895323, 0, 1095, 1775, 1588, 151, 14.65%, 0, 0, 4, 226.45
1664895328, 0, 1117, 1786, 1595, 148, 14.68%, 0, 0, 4, 272.25
1664895333, 0, 1142, 1791, 1597, 148, 14.70%, 0, 0, 4, 269.19
1664895338, 0, 1164, 1795, 1598, 148, 14.70%, 0, 0, 4, 228.19
1664895343, 0, 1204, 1801, 1600, 147, 14.71%, 0, 0, 4, 239.04
1664895348, 0, 1210, 1806, 1603, 146, 14.71%, 0, 0, 4, 201.81
